{'AP': 0.84705424,
 'AP50': 0.93329316,
 'AP75': 0.9230021,
 'AP_/fin': 0.84705424,
 'APl': 0.8992629,
 'APm': 0.7605478,
 'APs': -1.0,
 'ARl': 0.95238096,
 'ARm': 0.8454546,
 'ARmax1': 0.86875,
 'ARmax10': 0.915625,
 'ARmax100': 0.915625,
 'ARs': -1.0}
