{'AP': 0.84468776,
 'AP50': 0.9592476,
 'AP75': 0.91370904,
 'AP_/fin': 0.84468776,
 'APl': 0.8960331,
 'APm': 0.7624419,
 'APs': -1.0,
 'ARl': 0.94285715,
 'ARm': 0.8090909,
 'ARmax1': 0.8625,
 'ARmax10': 0.89375,
 'ARmax100': 0.896875,
 'ARs': -1.0}
